1 0.504919 0.418279 0.035301 0.038442
1 0.510995 0.473462 0.035880 0.037202
1 0.564236 0.470610 0.035880 0.037946
1 0.709201 0.414435 0.024884 0.044643
1 0.298322 0.525794 0.048032 0.045139
1 0.607350 0.524926 0.026042 0.040923
1 0.739583 0.468006 0.040509 0.040675
0 0.840856 0.466890 0.026620 0.039435
0 0.292535 0.581473 0.037616 0.036954
0 0.341146 0.526786 0.029514 0.036210
0 0.346354 0.418775 0.041088 0.041419
0 0.460359 0.312128 0.024884 0.038938
1 0.444734 0.258061 0.030671 0.043899
1 0.481481 0.259673 0.028935 0.046131
1 0.124711 0.314856 0.031829 0.035962
1 0.579282 0.365575 0.042824 0.039187
2 0.794560 0.520461 0.026620 0.037946
2 0.808449 0.467014 0.018519 0.038690
2 0.786748 0.467634 0.023727 0.041419
2 0.292535 0.640005 0.022569 0.039931
2 0.270833 0.641989 0.023148 0.040427
1 0.462963 0.740947 0.027778 0.037946
1 0.491609 0.738467 0.023727 0.039435
1 0.512731 0.740699 0.026620 0.041419
1 0.584201 0.685640 0.023727 0.037946
1 0.607639 0.686012 0.019676 0.036210
1 0.628472 0.685888 0.017361 0.033978
1 0.739873 0.629216 0.041088 0.042659
1 0.184317 0.688988 0.024884 0.038194
1 0.157118 0.688988 0.026042 0.039683
1 0.132234 0.690228 0.023727 0.037202
