1 0.096354 0.210069 0.023727 0.042163
1 0.175926 0.208333 0.025463 0.044643
1 0.247106 0.207961 0.021991 0.047867
1 0.325521 0.208581 0.036458 0.047619
1 0.392072 0.211682 0.022569 0.048363
1 0.750000 0.211930 0.037037 0.045387
1 0.823206 0.211186 0.032986 0.051339
1 0.897280 0.212798 0.035301 0.049603
1 0.766782 0.266865 0.039352 0.046131
1 0.843750 0.265253 0.032407 0.044891
1 0.252604 0.260541 0.029514 0.046875
1 0.180845 0.260541 0.029514 0.044395
1 0.111400 0.260293 0.030671 0.043899
1 0.247396 0.312872 0.035301 0.047371
1 0.171875 0.313616 0.028935 0.043403
1 0.110822 0.312872 0.034144 0.045387
1 0.626736 0.528894 0.021991 0.039435
1 0.598669 0.529638 0.017940 0.038442
1 0.414062 0.527034 0.027199 0.043651
1 0.385706 0.527654 0.023727 0.043899
1 0.093461 0.526538 0.024884 0.042659
1 0.167824 0.525050 0.023148 0.039187
1 0.188368 0.524430 0.013310 0.037946
1 0.623553 0.580481 0.017940 0.039931
1 0.598958 0.580233 0.018519 0.039435
1 0.407697 0.578621 0.020255 0.039683
1 0.379630 0.579489 0.018519 0.043899
1 0.346065 0.578993 0.024306 0.036954
2 0.892072 0.266245 0.026042 0.041419
2 0.624711 0.318204 0.020255 0.042163
2 0.605613 0.317336 0.016782 0.041419
2 0.520544 0.483259 0.019097 0.045387
2 0.553241 0.484251 0.013889 0.046379
2 0.301794 0.579737 0.017940 0.039435
2 0.083623 0.578621 0.017940 0.037202
2 0.119213 0.635045 0.017361 0.039931
2 0.100116 0.633309 0.019676 0.040427
0 0.760706 0.319692 0.031829 0.037698
0 0.906829 0.476562 0.031250 0.048859
0 0.901331 0.527158 0.028356 0.039435
0 0.894965 0.580233 0.026042 0.038938
0 0.452257 0.632316 0.031829 0.043403
0 0.381076 0.632192 0.036458 0.046627
0 0.457755 0.580977 0.033565 0.038442
0 0.237558 0.580977 0.035301 0.041915
0 0.160590 0.580109 0.028356 0.041667
0 0.456887 0.525918 0.032986 0.040923
0 0.314815 0.474330 0.034722 0.038442
0 0.248264 0.373388 0.023148 0.039931
0 0.330729 0.371652 0.024884 0.038938
0 0.325810 0.311632 0.026620 0.042411
