1 0.269097 0.554688 0.014881 0.122106
1 0.280506 0.559317 0.012897 0.118634
1 0.416915 0.544560 0.011905 0.105324
1 0.428447 0.550926 0.011161 0.111111
1 0.540303 0.714410 0.011657 0.112847
1 0.528522 0.722801 0.012897 0.111111
1 0.420263 0.738715 0.011657 0.103588
1 0.406870 0.738715 0.015129 0.109375
1 0.279886 0.740451 0.011657 0.097801
1 0.268105 0.743345 0.012897 0.103588
0 0.236235 0.551505 0.013145 0.094907
0 0.374256 0.734086 0.016369 0.103588
0 0.322297 0.739005 0.013145 0.097222
0 0.606895 0.729745 0.015873 0.112269
0 0.590650 0.728877 0.019593 0.117477
0 0.601066 0.535590 0.013145 0.093171
0 0.597098 0.348958 0.010665 0.091435
0 0.577505 0.348090 0.009177 0.089699
0 0.189484 0.547743 0.009921 0.102431
0 0.252232 0.749711 0.012401 0.094329
