1 0.741319 0.241319 0.017361 0.041667
1 0.762442 0.241939 0.015625 0.042907
1 0.778356 0.241071 0.018519 0.040179
1 0.682002 0.243428 0.031829 0.041419
1 0.799190 0.298859 0.032407 0.046131
1 0.521991 0.303075 0.035880 0.039683
1 0.112558 0.308780 0.027199 0.035714
1 0.311632 0.306052 0.028356 0.039187
1 0.514757 0.407986 0.035301 0.037202
1 0.370081 0.407366 0.023727 0.037946
1 0.806134 0.406746 0.026620 0.040675
1 0.689236 0.352183 0.028935 0.038194
1 0.733507 0.352059 0.030671 0.038442
0 0.848669 0.296875 0.029514 0.042163
0 0.218171 0.309152 0.030093 0.033978
0 0.241030 0.359375 0.020255 0.035218
0 0.410012 0.409350 0.031829 0.036954
0 0.632523 0.299851 0.028935 0.038690
0 0.625868 0.245660 0.026042 0.040427
0 0.222801 0.258433 0.020833 0.034722
