0 0.103299 0.256200 0.026042 0.040179
0 0.427951 0.254712 0.020255 0.037202
0 0.540799 0.307912 0.028356 0.041419
0 0.641204 0.306672 0.021991 0.039931
0 0.305845 0.306424 0.026042 0.038442
0 0.099248 0.306796 0.019097 0.040675
0 0.671296 0.517981 0.023148 0.033978
0 0.567998 0.518229 0.020255 0.032986
0 0.343171 0.517237 0.025463 0.037946
0 0.314525 0.570561 0.026042 0.035962
0 0.314815 0.624628 0.034722 0.040923
0 0.197627 0.625496 0.031829 0.039187
0 0.095486 0.626984 0.026620 0.040179
0 0.456887 0.570064 0.015625 0.035962
0 0.650174 0.680060 0.021412 0.038690
0 0.308738 0.734375 0.028356 0.040675
0 0.445312 0.732143 0.016782 0.037202
0 0.792245 0.732267 0.025463 0.036954
1 0.555845 0.253968 0.029514 0.038194
1 0.812211 0.252604 0.031829 0.036954
1 0.761285 0.568948 0.029514 0.038690
1 0.791667 0.568204 0.024306 0.038690
1 0.817130 0.567708 0.033565 0.034722
1 0.377894 0.569444 0.024306 0.038194
1 0.263021 0.571305 0.030671 0.036458
1 0.761863 0.732515 0.032986 0.040923
2 0.269965 0.305680 0.015625 0.038442
2 0.256366 0.305804 0.018519 0.037202
2 0.592882 0.308036 0.016782 0.039187
2 0.605613 0.306920 0.012153 0.036458
2 0.546875 0.569692 0.018519 0.037698
1 0.208044 0.252852 0.019097 0.035962
1 0.232350 0.252356 0.017940 0.037450
