0 0.100984 0.294643 0.027199 0.031746
0 0.767072 0.298735 0.028356 0.034970
0 0.084780 0.401290 0.022569 0.028770
0 0.332465 0.498636 0.020255 0.028026
0 0.332465 0.605531 0.016782 0.025546
1 0.317130 0.714162 0.019676 0.029018
1 0.337963 0.715278 0.016204 0.028770
1 0.581308 0.712922 0.027199 0.026538
1 0.641782 0.713294 0.025463 0.027282
1 0.544850 0.605159 0.019097 0.025794
1 0.567998 0.606151 0.019097 0.024802
1 0.651910 0.607639 0.017940 0.030258
1 0.671296 0.607763 0.019676 0.030010
1 0.696181 0.604291 0.017361 0.028026
1 0.718171 0.604539 0.023148 0.023562
1 0.190104 0.608631 0.020255 0.032242
1 0.158565 0.606275 0.019676 0.030506
1 0.277778 0.500000 0.018519 0.031250
1 0.252604 0.500744 0.023727 0.028770
1 0.188947 0.397445 0.030671 0.030506
1 0.745081 0.400422 0.017940 0.027034
1 0.811053 0.497892 0.036458 0.031002
1 0.774595 0.498264 0.017940 0.034226
1 0.755498 0.497520 0.020255 0.030258
1 0.552373 0.292783 0.020255 0.032986
1 0.465856 0.296751 0.019676 0.030506
