0 0.747148 0.566840 0.019593 0.127894
0 0.617684 0.578993 0.017609 0.122106
0 0.567460 0.585648 0.016369 0.105324
1 0.284102 0.607928 0.020089 0.118634
1 0.380084 0.601852 0.023065 0.121528
1 0.187252 0.614005 0.012897 0.121528
1 0.648313 0.579572 0.020337 0.114005
1 0.713542 0.581308 0.016369 0.098958
1 0.492932 0.591725 0.013641 0.114005
1 0.478919 0.591146 0.011905 0.112847
2 0.246280 0.601852 0.012401 0.140046
2 0.233631 0.603877 0.010417 0.132523
2 0.222222 0.604167 0.012401 0.116898
2 0.210069 0.610243 0.014385 0.117477
