1 0.912571 0.538198 0.026591 0.058153
1 0.886785 0.536488 0.024980 0.057013
1 0.858985 0.537343 0.033844 0.061003
1 0.622482 0.538198 0.023368 0.052452
1 0.643836 0.539339 0.016116 0.047891
1 0.664786 0.540479 0.016116 0.043330
1 0.691781 0.536488 0.020145 0.051311
1 0.715149 0.538769 0.016922 0.052452
1 0.734085 0.536773 0.025786 0.043900
1 0.778405 0.535063 0.020951 0.046180
1 0.802579 0.539054 0.020951 0.042759
1 0.825544 0.538769 0.016922 0.042189
1 0.389605 0.541334 0.023368 0.043900
1 0.454069 0.539339 0.023368 0.047891
1 0.350121 0.685861 0.026591 0.041049
1 0.282031 0.680445 0.027397 0.042759
1 0.431910 0.679875 0.027397 0.062144
1 0.584206 0.680730 0.022562 0.057013
1 0.872280 0.676739 0.020145 0.046750
1 0.146656 0.682155 0.024174 0.039339
1 0.157534 0.822121 0.023368 0.052452
1 0.214746 0.820410 0.026591 0.053592
0 0.109992 0.682440 0.021757 0.049031
0 0.178888 0.688141 0.024174 0.041049
0 0.315471 0.685861 0.023368 0.046750
0 0.354553 0.545610 0.017728 0.043330
0 0.231265 0.253706 0.032232 0.060433
