1 0.629734 0.250570 0.026591 0.050741
1 0.724819 0.256556 0.026591 0.044470
1 0.786463 0.255131 0.032232 0.039339
1 0.682111 0.110034 0.026591 0.043330
1 0.742546 0.114025 0.029815 0.041049
1 0.310234 0.396807 0.025786 0.045610
1 0.286463 0.396522 0.023368 0.048461
1 0.261483 0.394812 0.024980 0.051881
1 0.230056 0.389681 0.024980 0.051881
1 0.204674 0.388255 0.029009 0.059293
1 0.810637 0.385120 0.022562 0.058723
1 0.790089 0.385690 0.018533 0.049601
1 0.266720 0.535063 0.033844 0.059863
1 0.165189 0.528221 0.025786 0.061003
1 0.871475 0.665336 0.026591 0.055872
0 0.092667 0.812714 0.030620 0.064424
