0 0.881410 0.150215 0.035548 0.090129
1 0.928030 0.149356 0.035548 0.096137
2 0.964744 0.145494 0.028555 0.099571
3 0.044289 0.272318 0.050117 0.112017
0 0.108100 0.276395 0.047203 0.108155
3 0.541084 0.280043 0.048368 0.108584
0 0.278555 0.545064 0.038462 0.115021
3 0.455420 0.665880 0.048368 0.124893
0 0.312937 0.672103 0.046620 0.103863
0 0.718531 0.545494 0.037296 0.105579
0 0.634907 0.413090 0.042541 0.106867
0 0.117424 0.541416 0.028555 0.097425
2 0.391608 0.550215 0.039627 0.094421
0 0.096154 0.406652 0.037296 0.112876
0 0.034965 0.405579 0.039627 0.115021
2 0.184732 0.413090 0.032634 0.096567
1 0.141026 0.411373 0.032634 0.101717
0 0.922786 0.413519 0.041375 0.093133
1 0.365676 0.678326 0.035548 0.103433
0 0.198427 0.677897 0.036713 0.098283
1 0.410256 0.673820 0.027972 0.100429
3 0.347611 0.424464 0.056527 0.115021
2 0.187937 0.278970 0.035548 0.094421
0 0.867133 0.676824 0.044289 0.100429
0 0.231935 0.284764 0.038462 0.093133
